13000000000
13111111111
13222222222
13333333333
13444444444
13555555555
13666666666
13777777777
13888888888
13999999999
14000000000
14111111111
14222222222
14333333333
14444444444
14555555555
14666666666
14777777777
14888888888
14999999999
15000000000
15111111111
15222222222
15333333333
15444444444
15555555555
15666666666
15777777777
15888888888
15999999999
16000000000
16111111111
16222222222
16333333333
16444444444
16555555555
16666666666
16777777777
16888888888
16999999999
17000000000
17111111111
17222222222
17333333333
17444444444
17555555555
17666666666
17777777777
17888888888
17999999999
18000000000
18111111111
18222222222
18333333333
18444444444
18555555555
18666666666
18777777777
18888888888
18999999999
19000000000
19111111111
19222222222
19333333333
19444444444
19555555555
19666666666
19777777777
19888888888
19999999999
