0011
1122
2233
3344
4455
5566
6677
7788
8899
000111
111222
222333
333444
444555
555666
666777
777888
888999
001122
112233
223344
334455
445566
556677
667788
778899
000111222
111222333
222333444
333444555
444555666
555666777
666777888
777888999
00112233
11223344
22334455
33445566
44556677
55667788
66778899
000111222333
111222333444
222333444555
333444555666
444555666777
555666777888
666777888999
0011223344
1122334455
2233445566
3344556677
4455667788
5566778899
000111222333444
111222333444555
222333444555666
333444555666777
444555666777888
555666777888999
001122334455
112233445566
223344556677
334455667788
445566778899
000111222333444555
111222333444555666
222333444555666777
333444555666777888
444555666777888999
00112233445566
11223344556677
22334455667788
33445566778899
000111222333444555666
111222333444555666777
222333444555666777888
333444555666777888999
