0101
010101
1212
121212
2323
232323
3434
343434
4545
454545
5656
565656
6767
676767
7878
787878
8989
898989
012012
012012012
123123
123123123
234234
234234234
345345
345345345
456456
456456456
567567
567567567
678678
678678678
789789
789789789
01230123
012301230123
12341234
123412341234
23452345
234523452345
34563456
345634563456
45674567
456745674567
56785678
567856785678
67896789
678967896789
0123401234
012340123401234
1234512345
123451234512345
2345623456
234562345623456
3456734567
345673456734567
4567845678
456784567845678
5678956789
567895678956789
012345012345
012345012345012345
123456123456
123456123456123456
234567234567
234567234567234567
345678345678
345678345678345678
456789456789
456789456789456789
01234560123456
012345601234560123456
12345671234567
123456712345671234567
23456782345678
234567823456782345678
34567893456789
345678934567893456789
